1  1.0  0.0  1.0  0.0  1.0  0.0  1.0  0.0
2  1.0  0.0  0.6333333333333333  0.3399346342395189  0.7666666666666667  0.3590109871423003  0.8333333333333334  0.23570226039551587
3  1.0  0.0  0.36666666666666664  0.33993463423951903  0.4666666666666667  0.46427960923947065  0.8  0.3055050463303894
4  1.0  0.0  0.16666666666666666  0.23570226039551587  0.3  0.39999999999999997  0.7666666666666667  0.3590109871423003
5  1.0  0.0  0.06666666666666667  0.24944382578492943  0.26666666666666666  0.3590109871423003  0.8  0.24494897427831785
6  1.0  0.0  0.23333333333333334  0.3590109871423003  0.2  0.3055050463303894  0.7333333333333333  0.30912061651652345
7  1.0  0.0  0.3333333333333333  0.2981423969999719  0.23333333333333334  0.3590109871423003  0.8  0.3055050463303894
8  1.0  0.0  0.36666666666666664  0.38586123009300755  0.06666666666666667  0.16996731711975951  0.9  0.2
9  1.0  0.0  0.4  0.37416573867739417  0.0  0.0  0.8  0.3055050463303894
10  1.0  0.0  0.4  0.4163331998932266  0.0  0.0  0.7  0.4
11  1.0  0.0  0.3  0.30550504633038933  0.0  0.0  0.7  0.4
12  1.0  0.0  0.3  0.3559026084010437  0.0  0.0  0.7666666666666667  0.30912061651652345
13  1.0  0.0  0.23333333333333334  0.30912061651652345  0.0  0.0  0.7333333333333333  0.2494438257849294
14  1.0  0.0  0.26666666666666666  0.3091206165165235  0.0  0.0  0.8333333333333334  0.23570226039551587
15  1.0  0.0  0.3  0.30550504633038933  0.0  0.0  0.8333333333333334  0.23570226039551587
16  1.0  0.0  0.26666666666666666  0.3091206165165235  0.0  0.0  0.7  0.3559026084010437
17  1.0  0.0  0.3333333333333333  0.34960294939005054  0.0  0.0  0.7666666666666667  0.3091206165165235
18  1.0  0.0  0.2  0.3055050463303894  0.0  0.0  0.7666666666666667  0.3091206165165235
19  1.0  0.0  0.1  0.20000000000000004  0.0  0.0  0.7  0.35590260840104376
20  1.0  0.0  0.16666666666666666  0.23570226039551587  0.0  0.0  0.7666666666666667  0.3091206165165235
21  1.0  0.0  0.03333333333333333  0.12472191289246475  0.0  0.0  0.8  0.3055050463303894
22  1.0  0.0  0.13333333333333333  0.22110831935702668  0.0  0.0  0.8666666666666667  0.22110831935702666
23  1.0  0.0  0.1  0.20000000000000004  0.0  0.0  0.8  0.30550504633038933
24  1.0  0.0  0.1  0.20000000000000004  0.0  0.0  0.8  0.30550504633038933
25  1.0  0.0  0.2  0.24494897427831783  0.0  0.0  0.8333333333333334  0.23570226039551587
26  1.0  0.0  0.1  0.20000000000000004  0.0  0.0  0.7666666666666667  0.35901098714230034
27  1.0  0.0  0.1  0.20000000000000004  0.0  0.0  0.8666666666666667  0.22110831935702668
28  1.0  0.0  0.16666666666666666  0.2981423969999719  0.0  0.0  0.8666666666666667  0.22110831935702666
29  1.0  0.0  0.1  0.20000000000000004  0.0  0.0  0.8333333333333334  0.23570226039551587
30  1.0  0.0  0.3  0.3055050463303894  0.0  0.0  0.9  0.2
31  1.0  0.0  0.3333333333333333  0.39440531887330776  0.0  0.0  0.9  0.2
32  1.0  0.0  0.3  0.35590260840104376  0.0  0.0  0.8666666666666667  0.2867441755680875
33  1.0  0.0  0.26666666666666666  0.2494438257849294  0.0  0.0  0.9  0.20000000000000004
34  1.0  0.0  0.2  0.24494897427831783  0.0  0.0  0.8666666666666667  0.22110831935702668
35  1.0  0.0  0.2  0.24494897427831783  0.0  0.0  0.7666666666666667  0.3091206165165235
36  1.0  0.0  0.23333333333333334  0.3091206165165235  0.0  0.0  0.7333333333333333  0.3590109871423003
37  1.0  0.0  0.3  0.3559026084010437  0.0  0.0  0.7  0.39999999999999997
38  1.0  0.0  0.1  0.20000000000000004  0.0  0.0  0.7333333333333333  0.4027681991198191
39  1.0  0.0  0.23333333333333334  0.3590109871423003  0.0  0.0  0.9  0.27080128015453203
40  1.0  0.0  0.2  0.35590260840104376  0.0  0.0  0.8333333333333334  0.23570226039551587
41  1.0  0.0  0.26666666666666666  0.2494438257849294  0.0  0.0  0.7666666666666667  0.3091206165165235
42  1.0  0.0  0.23333333333333334  0.24944382578492943  0.0  0.0  0.8  0.24494897427831785
43  1.0  0.0  0.23333333333333334  0.2494438257849294  0.0  0.0  0.8333333333333334  0.23570226039551587
44  1.0  0.0  0.2  0.24494897427831783  0.0  0.0  0.9333333333333333  0.16996731711975951
45  1.0  0.0  0.13333333333333333  0.2867441755680875  0.0  0.0  0.8666666666666667  0.2867441755680875
46  1.0  0.0  0.06666666666666667  0.16996731711975951  0.0  0.0  0.8666666666666667  0.22110831935702668
47  1.0  0.0  0.23333333333333334  0.35901098714230034  0.0  0.0  0.8  0.24494897427831785
48  1.0  0.0  0.13333333333333333  0.22110831935702668  0.0  0.0  0.8666666666666667  0.22110831935702666
49  1.0  0.0  0.1  0.20000000000000004  0.0  0.0  0.8333333333333334  0.23570226039551587
50  1.0  0.0  0.06666666666666667  0.16996731711975943  0.0  0.0  0.8666666666666667  0.22110831935702668
51  1.0  0.0  0.06666666666666667  0.16996731711975946  0.0  0.0  0.7  0.24494897427831785
52  1.0  0.0  0.1  0.27080128015453203  0.0  0.0  0.7  0.3559026084010437
53  1.0  0.0  0.13333333333333333  0.22110831935702668  0.0  0.0  0.7666666666666667  0.4027681991198191
54  1.0  0.0  0.1  0.20000000000000004  0.0  0.0  0.7666666666666667  0.40276819911981915
55  1.0  0.0  0.13333333333333333  0.22110831935702668  0.0  0.0  0.8  0.3055050463303894
56  1.0  0.0  0.16666666666666666  0.23570226039551587  0.0  0.0  0.8666666666666667  0.22110831935702666
57  1.0  0.0  0.2  0.3055050463303894  0.0  0.0  0.8  0.3055050463303894
58  1.0  0.0  0.2  0.24494897427831783  0.0  0.0  0.8  0.3055050463303894
59  1.0  0.0  0.2  0.24494897427831783  0.0  0.0  0.7666666666666667  0.4027681991198191
60  1.0  0.0  0.13333333333333333  0.22110831935702668  0.0  0.0  0.7666666666666667  0.3590109871423003
61  1.0  0.0  0.2  0.24494897427831783  0.0  0.0  0.8666666666666667  0.22110831935702668
62  1.0  0.0  0.23333333333333334  0.3091206165165235  0.0  0.0  0.8666666666666667  0.2867441755680875
63  1.0  0.0  0.13333333333333333  0.2867441755680875  0.0  0.0  0.9  0.2
64  1.0  0.0  0.16666666666666666  0.34960294939005054  0.0  0.0  0.8333333333333334  0.23570226039551587
65  1.0  0.0  0.26666666666666666  0.40276819911981915  0.0  0.0  0.8333333333333334  0.23570226039551587
66  1.0  0.0  0.1  0.27080128015453203  0.0  0.0  0.7  0.35590260840104376
67  1.0  0.0  0.23333333333333334  0.3590109871423003  0.0  0.0  0.8  0.24494897427831785
68  1.0  0.0  0.3  0.3559026084010437  0.0  0.0  0.8666666666666667  0.22110831935702666
69  1.0  0.0  0.3333333333333333  0.3496029493900505  0.0  0.0  0.8666666666666667  0.22110831935702668
70  1.0  0.0  0.3  0.3559026084010437  0.0  0.0  0.8333333333333334  0.2981423969999719
71  1.0  0.0  0.2  0.35590260840104376  0.0  0.0  0.8333333333333334  0.23570226039551587
72  1.0  0.0  0.1  0.2  0.0  0.0  0.8333333333333334  0.3496029493900505
73  1.0  0.0  0.1  0.2  0.0  0.0  0.7333333333333333  0.3091206165165235
74  1.0  0.0  0.2  0.24494897427831785  0.0  0.0  0.6333333333333333  0.38586123009300755
75  1.0  0.0  0.16666666666666666  0.2981423969999719  0.0  0.0  0.7333333333333333  0.3091206165165235
76  1.0  0.0  0.2  0.24494897427831783  0.0  0.0  0.8333333333333334  0.2981423969999719
77  1.0  0.0  0.1  0.20000000000000004  0.0  0.0  0.8  0.3559026084010437
78  1.0  0.0  0.2  0.3055050463303894  0.0  0.0  0.7333333333333333  0.3590109871423003
79  1.0  0.0  0.23333333333333334  0.3091206165165235  0.0  0.0  0.6666666666666666  0.34960294939005054
80  1.0  0.0  0.2  0.24494897427831783  0.0  0.0  0.7666666666666667  0.2494438257849294
81  1.0  0.0  0.13333333333333333  0.22110831935702668  0.0  0.0  0.6333333333333333  0.28674417556808757
82  1.0  0.0  0.16666666666666666  0.2981423969999719  0.0  0.0  0.8  0.24494897427831785
83  1.0  0.0  0.16666666666666666  0.23570226039551587  0.0  0.0  0.8  0.24494897427831785
84  1.0  0.0  0.2  0.3055050463303894  0.0  0.0  0.7666666666666667  0.40276819911981915
85  1.0  0.0  0.23333333333333334  0.3590109871423003  0.0  0.0  0.6666666666666666  0.2981423969999719
86  1.0  0.0  0.3  0.3559026084010437  0.0  0.0  0.7  0.4
87  1.0  0.0  0.23333333333333334  0.24944382578492943  0.0  0.0  0.6333333333333333  0.42687494916218993
88  1.0  0.0  0.3  0.3559026084010437  0.0  0.0  0.7333333333333333  0.3590109871423003
89  1.0  0.0  0.3  0.4  0.0  0.0  0.7  0.35590260840104376
90  1.0  0.0  0.23333333333333334  0.3091206165165235  0.0  0.0  0.6666666666666666  0.39440531887330776
91  1.0  0.0  0.13333333333333333  0.2867441755680875  0.0  0.0  0.7  0.24494897427831785
92  1.0  0.0  0.2  0.24494897427831783  0.0  0.0  0.8  0.24494897427831785
93  1.0  0.0  0.16666666666666666  0.29814239699997186  0.0  0.0  0.8  0.30550504633038933
94  1.0  0.0  0.3  0.35590260840104376  0.0  0.0  0.8666666666666667  0.28674417556808757
95  1.0  0.0  0.2  0.3055050463303894  0.0  0.0  0.8  0.30550504633038933
96  1.0  0.0  0.23333333333333334  0.2494438257849294  0.0  0.0  0.8  0.24494897427831785
97  1.0  0.0  0.13333333333333333  0.22110831935702668  0.0  0.0  0.7333333333333333  0.3091206165165235
98  1.0  0.0  0.2  0.24494897427831783  0.0  0.0  0.7333333333333333  0.3590109871423003
99  1.0  0.0  0.2  0.3055050463303894  0.0  0.0  0.7333333333333333  0.3590109871423003
100  1.0  0.0  0.16666666666666666  0.23570226039551587  0.0  0.0  0.8  0.3559026084010438
