1  1  0.5  0.5  1
2  1  0.25  0.5  1
3  1  0.25  0.5  0.75
4  1  0.5  0.5  1
5  1  0.25  0.5  1
6  1  0.5  0.5  1
7  1  0.5  0.5  1
8  1  0.5  0.5  0.75
9  1  0.25  0.5  0.75
10  1  0.5  0.5  0.5
11  1  0.5  0.5  0.75
12  1  0.5  0.5  0.5
13  1  0.5  0.5  0.75
14  1  0.75  0.5  0.75
15  1  0.5  0.5  0.75
16  1  0.75  0.5  1
17  1  0.5  0.5  1
18  1  0.5  0.5  1
19  1  0.25  0.5  0.5
20  1  0.5  0.5  1
21  1  0  0.5  0.75
22  1  0  0.5  1
23  1  0  0.5  0.75
24  1  0.75  0.5  1
25  1  0.5  0.5  0.75
26  1  0.25  0.5  1
27  1  0.75  0.5  1
28  1  0.5  0.5  0.75
29  1  0.5  0.5  1
30  1  0.5  0.5  1
31  1  0.75  0.5  0.75
32  1  0.25  0.5  0.5
33  1  0.25  0.5  0.5
34  1  0.5  0.5  0.5
35  1  0.25  0.5  0.75
36  1  0.25  0.5  0.5
37  1  0.25  0.5  0.5
38  1  0  0.5  0.25
39  1  0  0.5  0.5
40  1  0  0.5  0.5
41  1  0.5  0.5  0.75
42  1  0  0.5  0.5
43  1  0  0.5  0.5
44  1  0.25  0.5  0.5
45  1  0  0.5  0.75
46  1  0.25  0.5  0.5
47  1  0.75  0.5  0.75
48  1  0.25  0.5  0.75
49  1  0.5  0.5  0.75
50  1  0.5  0.5  1
