1  1.0  0.0  0.9  0.2  1.0  0.0  0.85  0.2
2  1.0  0.0  0.4666666666666667  0.17950549357115014  0.5  0.0  0.9  0.1527525231651947
3  1.0  0.0  0.5333333333333333  0.20138409955990955  0.5  0.0  0.85  0.21984843263788198
4  1.0  0.0  0.4666666666666667  0.15456030825826175  0.5  0.0  0.85  0.1527525231651947
5  1.0  0.0  0.43333333333333335  0.14337208778404378  0.5  0.0  0.75  0.2041241452319315
6  1.0  0.0  0.36666666666666664  0.20138409955990955  0.5  0.0  0.7666666666666667  0.19293061504650375
7  1.0  0.0  0.31666666666666665  0.21343747458109502  0.5  0.0  0.7  0.2081665999466133
8  1.0  0.0  0.36666666666666664  0.22110831935702666  0.5  0.0  0.7166666666666667  0.22110831935702666
9  1.0  0.0  0.3  0.18708286933869708  0.5  0.0  0.7166666666666667  0.20138409955990952
10  1.0  0.0  0.3  0.20816659994661324  0.5  0.0  0.7166666666666667  0.17950549357115014
11  1.0  0.0  0.31666666666666665  0.23213980461973535  0.5  0.0  0.75  0.22360679774997896
12  1.0  0.0  0.36666666666666664  0.15456030825826175  0.5  0.0  0.75  0.22360679774997896
13  1.0  0.0  0.3  0.18708286933869708  0.5  0.0  0.7333333333333333  0.23213980461973532
14  1.0  0.0  0.43333333333333335  0.2953340857778225  0.5  0.0  0.7166666666666667  0.20138409955990952
15  1.0  0.0  0.3  0.20816659994661327  0.5  0.0  0.6833333333333333  0.19293061504650377
16  1.0  0.0  0.4  0.17795130420052188  0.5  0.0  0.7333333333333333  0.21343747458109494
17  1.0  0.0  0.3333333333333333  0.21730674684008827  0.5  0.0  0.7833333333333333  0.17950549357115014
18  1.0  0.0  0.3  0.18708286933869708  0.5  0.0  0.7833333333333333  0.17950549357115014
19  1.0  0.0  0.3  0.13540064007726602  0.5  0.0  0.75  0.2581988897471611
20  1.0  0.0  0.3  0.16329931618554522  0.5  0.0  0.75  0.15811388300841897
21  1.0  0.0  0.31666666666666665  0.21343747458109497  0.5  0.0  0.6833333333333333  0.24944382578492946
22  1.0  0.0  0.2833333333333333  0.20138409955990955  0.5  0.0  0.7  0.20816659994661327
23  1.0  0.0  0.26666666666666666  0.14337208778404378  0.5  0.0  0.7166666666666667  0.20138409955990955
24  1.0  0.0  0.2833333333333333  0.17950549357115014  0.5  0.0  0.8  0.18708286933869706
25  1.0  0.0  0.26666666666666666  0.1699673171197595  0.5  0.0  0.75  0.24152294576982397
26  1.0  0.0  0.23333333333333334  0.16996731711975951  0.5  0.0  0.8333333333333334  0.2173067468400883
27  1.0  0.0  0.3  0.18708286933869708  0.5  0.0  0.8  0.2273030282830976
28  1.0  0.0  0.25  0.18257418583505536  0.5  0.0  0.75  0.2041241452319315
29  1.0  0.0  0.3  0.18708286933869703  0.5  0.0  0.7166666666666667  0.20138409955990952
30  1.0  0.0  0.26666666666666666  0.1699673171197595  0.5  0.0  0.7666666666666667  0.16996731711975946
31  1.0  0.0  0.26666666666666666  0.14337208778404378  0.5  0.0  0.6666666666666666  0.19720265943665388
32  1.0  0.0  0.4166666666666667  0.14907119849998596  0.5  0.0  0.6833333333333333  0.21343747458109497
33  1.0  0.0  0.36666666666666664  0.20138409955990952  0.5  0.0  0.7333333333333333  0.19293061504650375
34  1.0  0.0  0.2833333333333333  0.22110831935702666  0.5  0.0  0.75  0.15811388300841897
35  1.0  0.0  0.4166666666666667  0.23570226039551587  0.5  0.0  0.7666666666666667  0.16996731711975946
36  1.0  0.0  0.3  0.16329931618554522  0.5  0.0  0.7666666666666667  0.16996731711975946
37  1.0  0.0  0.3  0.20816659994661327  0.5  0.0  0.7333333333333333  0.21343747458109497
38  1.0  0.0  0.2833333333333333  0.17950549357115014  0.5  0.0  0.6833333333333333  0.1699673171197595
39  1.0  0.0  0.31666666666666665  0.23213980461973532  0.5  0.0  0.7333333333333333  0.16996731711975946
40  1.0  0.0  0.3  0.22730302828309756  0.5  0.0  0.6833333333333333  0.23213980461973535
41  1.0  0.0  0.26666666666666666  0.23213980461973532  0.5  0.0  0.6833333333333333  0.19293061504650377
42  1.0  0.0  0.23333333333333334  0.19293061504650377  0.5  0.0  0.6833333333333333  0.14337208778404378
43  1.0  0.0  0.3333333333333333  0.17480147469502527  0.5  0.0  0.65  0.219848432637882
44  1.0  0.0  0.2833333333333333  0.27182510717166813  0.5  0.0  0.65  0.17795130420052185
45  1.0  0.0  0.2833333333333333  0.27182510717166813  0.5  0.0  0.5833333333333334  0.19720265943665388
46  1.0  0.0  0.3  0.20816659994661327  0.5  0.0  0.6333333333333333  0.15456030825826175
47  1.0  0.0  0.36666666666666664  0.2718251071716682  0.5  0.0  0.6333333333333333  0.22110831935702668
48  1.0  0.0  0.3333333333333333  0.25276251480171835  0.5  0.0  0.7333333333333333  0.1699673171197595
49  1.0  0.0  0.26666666666666666  0.16996731711975951  0.5  0.0  0.7  0.1632993161855452
50  1.0  0.0  0.3  0.2449489742783178  0.5  0.0  0.7333333333333333  0.14337208778404376
51  1.0  0.0  0.35  0.21984843263788198  0.5  0.0  0.7333333333333333  0.14337208778404376
52  1.0  0.0  0.35  0.25495097567963926  0.5  0.0  0.7  0.2768874620972692
53  1.0  0.0  0.35  0.23804761428476165  0.5  0.0  0.7333333333333333  0.1699673171197595
54  1.0  0.0  0.36666666666666664  0.23921166824012208  0.5  0.0  0.7333333333333333  0.16996731711975946
55  1.0  0.0  0.3333333333333333  0.2173067468400883  0.5  0.0  0.7166666666666667  0.20138409955990952
56  1.0  0.0  0.36666666666666664  0.20138409955990955  0.5  0.0  0.7666666666666667  0.19293061504650375
57  1.0  0.0  0.31666666666666665  0.23213980461973538  0.5  0.0  0.6666666666666666  0.17480147469502527
58  1.0  0.0  0.3  0.20816659994661327  0.5  0.0  0.7  0.18708286933869708
59  1.0  0.0  0.25  0.22360679774997896  0.5  0.0  0.7  0.20816659994661327
60  1.0  0.0  0.23333333333333334  0.16996731711975951  0.5  0.0  0.7166666666666667  0.17950549357115014
61  1.0  0.0  0.21666666666666667  0.20138409955990952  0.5  0.0  0.7166666666666667  0.20138409955990952
62  1.0  0.0  0.21666666666666667  0.2560381915956203  0.5  0.0  0.7  0.2273030282830976
63  1.0  0.0  0.25  0.2041241452319315  0.5  0.0  0.6333333333333333  0.2560381915956203
64  1.0  0.0  0.21666666666666667  0.20138409955990955  0.5  0.0  0.6333333333333333  0.15456030825826175
65  1.0  0.0  0.3  0.20816659994661327  0.5  0.0  0.7166666666666667  0.22110831935702666
66  1.0  0.0  0.25  0.15811388300841897  0.5  0.0  0.6833333333333333  0.24944382578492943
67  1.0  0.0  0.2833333333333333  0.22110831935702663  0.5  0.0  0.5833333333333334  0.19720265943665388
68  1.0  0.0  0.3  0.24494897427831783  0.5  0.0  0.6666666666666666  0.268741924943285
69  1.0  0.0  0.26666666666666666  0.19293061504650377  0.5  0.0  0.6833333333333333  0.29533408577782244
70  1.0  0.0  0.2  0.18708286933869706  0.5  0.0  0.7  0.27688746209726917
71  1.0  0.0  0.2  0.20816659994661327  0.5  0.0  0.7166666666666667  0.15456030825826175
72  1.0  0.0  0.26666666666666666  0.21343747458109497  0.5  0.0  0.7  0.24494897427831783
73  1.0  0.0  0.31666666666666665  0.23213980461973535  0.5  0.0  0.7  0.2081665999466133
74  1.0  0.0  0.31666666666666665  0.23213980461973535  0.5  0.0  0.7166666666666667  0.23921166824012208
75  1.0  0.0  0.2833333333333333  0.23921166824012208  0.5  0.0  0.7333333333333333  0.23213980461973532
76  1.0  0.0  0.3  0.3188521078284832  0.5  0.0  0.7833333333333333  0.22110831935702663
77  1.0  0.0  0.25  0.2581988897471611  0.5  0.0  0.7333333333333333  0.1699673171197595
78  1.0  0.0  0.2833333333333333  0.23921166824012205  0.5  0.0  0.75  0.18257418583505536
79  1.0  0.0  0.3  0.18708286933869708  0.5  0.0  0.6833333333333333  0.2808716591058786
80  1.0  0.0  0.3  0.20816659994661327  0.5  0.0  0.7  0.1632993161855452
81  1.0  0.0  0.3  0.16329931618554522  0.5  0.0  0.65  0.17795130420052188
82  1.0  0.0  0.31666666666666665  0.1699673171197595  0.5  0.0  0.7  0.1632993161855452
83  1.0  0.0  0.38333333333333336  0.20138409955990955  0.5  0.0  0.6666666666666666  0.1972026594366539
84  1.0  0.0  0.26666666666666666  0.21343747458109497  0.5  0.0  0.7166666666666667  0.20138409955990955
85  1.0  0.0  0.3333333333333333  0.17480147469502527  0.5  0.0  0.7166666666666667  0.17950549357115014
86  1.0  0.0  0.25  0.15811388300841897  0.5  0.0  0.7166666666666667  0.20138409955990955
87  1.0  0.0  0.23333333333333334  0.14337208778404376  0.5  0.0  0.7166666666666667  0.22110831935702666
88  1.0  0.0  0.26666666666666666  0.16996731711975951  0.5  0.0  0.6833333333333333  0.23213980461973535
89  1.0  0.0  0.2833333333333333  0.22110831935702663  0.5  0.0  0.6666666666666666  0.17480147469502527
90  1.0  0.0  0.31666666666666665  0.19293061504650377  0.5  0.0  0.6833333333333333  0.1699673171197595
91  1.0  0.0  0.3333333333333333  0.17480147469502524  0.5  0.0  0.7  0.18708286933869708
92  1.0  0.0  0.3333333333333333  0.25276251480171835  0.5  0.0  0.7  0.22730302828309762
93  1.0  0.0  0.4166666666666667  0.26874192494328497  0.5  0.0  0.7333333333333333  0.2321398046197353
94  1.0  0.0  0.35  0.21984843263788198  0.5  0.0  0.7833333333333333  0.27182510717166813
95  1.0  0.0  0.35  0.2  0.5  0.0  0.8333333333333334  0.19720265943665388
96  1.0  0.0  0.2833333333333333  0.22110831935702663  0.5  0.0  0.7666666666666667  0.19293061504650377
97  1.0  0.0  0.35  0.270801280154532  0.5  0.0  0.8166666666666667  0.14337208778404376
98  1.0  0.0  0.2833333333333333  0.20138409955990955  0.5  0.0  0.75  0.15811388300841897
99  1.0  0.0  0.26666666666666666  0.21343747458109497  0.5  0.0  0.7333333333333333  0.16996731711975946
100  1.0  0.0  0.21666666666666667  0.15456030825826175  0.5  0.0  0.75  0.18257418583505536
